SYSTEMIC DEBT PRESSURE, LIQUIDITY & MARKET VOLATILITY (2000-2026)  // (2026 = estimates)
========================================================================================================================
 Year  Gross_T  Churn_T  Churn_Pct  Net_Liq_T  Sys_Vel  Churn_Vel  M2V  ^GSPC  ^VIX
 2000     1.46     0.78      53.70       0.72     2.03       1.09 2.14  -9.27 23.32
 2001     2.13     1.22      57.12       0.72     2.97       1.69 2.03 -10.53 25.75
 2002     3.06     1.91      62.59       0.72     4.25       2.66 1.94 -23.80 27.29
 2003     3.41     2.08      60.98       0.74     4.61       2.81 1.92  22.32 21.98
 2004     3.75     2.27      60.52       0.77     4.84       2.93 1.96   9.33 15.48
 2005     3.38     2.05      60.56       0.81     4.16       2.52 2.00   3.84 12.81
 2006     3.40     2.06      60.66       0.84     4.02       2.44 2.00  11.78 12.81
 2007     3.51     2.12      60.36       0.87     4.02       2.43 1.97   3.65 17.54
 2008     6.32     3.55      56.20       1.20     5.27       2.96 1.84 -37.58 32.69
 2009     8.28     4.40      53.10       2.07     3.99       2.12 1.72  19.67 31.48
 2010     8.11     4.11      50.65       2.31     3.51       1.78 1.74  11.00 22.55
 2011     7.20     3.66      50.85       2.74     2.63       1.34 1.66  -1.12 24.20
 2012     7.76     3.88      49.97       2.86     2.72       1.36 1.60  11.68 17.80
 2013     7.86     4.12      52.49       3.48     2.26       1.18 1.56  26.39 14.23
 2014     7.03     3.36      47.75       4.33     1.63       0.78 1.54  12.39 14.17
 2015     7.01     3.38      48.20       4.46     1.57       0.76 1.51  -0.69 16.67
 2016     8.10     4.31      53.27       4.41     1.84       0.98 1.45  11.24 15.83
 2017     8.61     4.61      53.51       4.43     1.95       1.04 1.45  18.42 11.09
 2018    10.28     5.47      53.16       4.22     2.44       1.30 1.46  -7.01 16.64
 2019    11.81     6.72      56.90       3.88     3.05       1.73 1.44  28.71 15.39
 2020    19.68    11.60      58.92       6.12     3.21       1.89 1.16  15.29 29.25
 2021    17.78     9.93      55.86       7.95     2.24       1.25 1.16  28.79 19.66
 2022    15.24     8.53      55.96       8.70     1.75       0.98 1.24 -19.95 25.62
 2023    21.84    13.07      59.83       8.15     2.68       1.60 1.36  24.73 16.87
 2024    28.66    18.18      63.46       7.10     4.04       2.56 1.39  24.01 15.61
 2025    29.47    18.73      63.55       6.54     4.50       2.86 1.40  16.65 18.96
 2026    30.00    19.50      65.00       6.47     4.63       3.01 1.41  16.65 15.90

2026 segement has been addressed with a very conservative estimates. 
Personally, I expect the net liquidity to rise and system ratio (net debt that must be rolled over in the given year / net liquidity) to stay around the same level or slighlty higher) 
worth paying attention on the sectors where gov't spend is headed (Defense, golden dome projects, etc) 
